0 0.392578 0.631944 0.125781 0.45
56 0.213672 0.803472 0.419531 0.156944
0 0.395312 0.511806 0.0796875 0.226389
0 0.6625 0.632639 0.123438 0.420833
56 0.458203 0.564583 0.0789063 0.168056
0 0.746094 0.529167 0.109375 0.236111
56 0.508984 0.568056 0.0554687 0.172222
0 0.653906 0.51875 0.0890625 0.201389
0 0.292969 0.464583 0.0921875 0.140278
56 0.265234 0.71875 0.328906 0.259722
0 0.607422 0.479167 0.0554687 0.152778
0 0.203125 0.503472 0.104687 0.198611
0 0.559375 0.627083 0.114063 0.479167
56 0.824609 0.738194 0.277344 0.273611
56 0.935938 0.790278 0.126563 0.177778
