0 0.666797 0.610417 0.103906 0.345833
0 0.276563 0.517361 0.221875 0.201389
56 0.219922 0.80625 0.435156 0.151389
56 0.519531 0.573611 0.0625 0.169444
0 0.407031 0.526389 0.078125 0.238889
56 0.289062 0.725 0.325 0.236111
0 0.316797 0.479861 0.121094 0.159722
0 0.657031 0.528472 0.08125 0.193056
0 0.608203 0.482639 0.0539063 0.134722
0 0.220703 0.520833 0.102344 0.197222
0 0.705469 0.636111 0.195312 0.419444
0 0.564844 0.63125 0.114063 0.470833
56 0.828125 0.74375 0.273438 0.259722
56 0.935938 0.795833 0.126563 0.166667
