0 0.753906 0.568056 0.13125 0.388889
0 0.279687 0.464583 0.13125 0.176389
0 0.624219 0.495833 0.101562 0.213889
0 0.312109 0.561111 0.149219 0.372222
56 0.501953 0.559028 0.0554687 0.184722
0 0.658984 0.504861 0.0914062 0.215278
0 0.388281 0.627778 0.09375 0.483333
56 0.185156 0.719444 0.370313 0.266667
0 0.139453 0.482639 0.110156 0.223611
0 0.668359 0.629861 0.197656 0.484722
0 0.604297 0.472222 0.0570313 0.177778
56 0.175781 0.815278 0.34375 0.138889
56 0.850781 0.734028 0.298438 0.276389
0 0.551953 0.624306 0.121094 0.498611
