56 0.454297 0.559722 0.0820312 0.161111
0 0.172266 0.492361 0.105469 0.204167
0 0.385156 0.627083 0.114063 0.468056
0 0.228516 0.49375 0.227344 0.2125
0 0.741406 0.581944 0.134375 0.377778
0 0.663281 0.624306 0.13125 0.434722
0 0.657422 0.513889 0.0914062 0.205556
56 0.504297 0.563889 0.0523437 0.177778
56 0.224219 0.708333 0.351562 0.247222
0 0.287109 0.449306 0.0773437 0.131944
56 0.198828 0.804861 0.394531 0.154167
0 0.604297 0.474306 0.0523437 0.156944
56 0.948438 0.792361 0.103125 0.168056
56 0.839844 0.735417 0.296875 0.273611
0 0.55625 0.627778 0.115625 0.486111
