56 0.898047 0.676389 0.113281 0.116667
0 0.276953 0.530556 0.202344 0.211111
0 0.65 0.650694 0.120312 0.426389
56 0.228125 0.813889 0.448438 0.138889
56 0.519922 0.575 0.0601562 0.169444
0 0.401563 0.531944 0.0984375 0.238889
0 0.226953 0.53125 0.0945313 0.201389
0 0.657812 0.530556 0.0796875 0.186111
0 0.711328 0.633333 0.189844 0.386111
56 0.296484 0.7 0.311719 0.175
0 0.317187 0.48125 0.0921875 0.145833
0 0.608984 0.486111 0.0585938 0.133333
56 0.823828 0.746528 0.261719 0.254167
0 0.567187 0.633333 0.114063 0.461111
56 0.932031 0.799306 0.134375 0.159722
