56 0.501953 0.555556 0.0570313 0.188889
0 0.179297 0.477083 0.275781 0.248611
56 0.141406 0.833333 0.282813 0.0972222
0 0.332422 0.632639 0.133594 0.473611
0 0.109375 0.471528 0.125 0.234722
0 0.660156 0.501389 0.0953125 0.236111
0 0.605078 0.459722 0.0492188 0.163889
0 0.248047 0.445139 0.110156 0.156944
56 0.174609 0.729167 0.349219 0.288889
0 0.379297 0.618056 0.0992187 0.508333
0 0.726953 0.586806 0.227344 0.473611
56 0.857422 0.734722 0.285156 0.277778
0 0.551172 0.615972 0.128906 0.495833
