,사업자별,지역별,년도,총계,사업부진,행정처분,계절사업,법인전환,면세포기·적용,양도·양수,해산·합병,기타
0,간이사업자,강원,2014,9530,4689,8,49,13,1,95,9,4666
1,간이사업자,강원,2015,8974,4512,15,32,13,1,103,12,4286
2,간이사업자,강원,2016,9833,4705,17,49,16,6,185,10,4845
3,간이사업자,강원,2017,9818,4056,29,61,18,0,179,32,5443
4,간이사업자,강원,2018,9058,3746,48,51,15,1,202,10,4985
5,간이사업자,강원,2019,8671,3898,24,73,7,0,247,12,4410
6,간이사업자,강원,2020,7803,3592,15,43,12,1,169,6,3965
7,간이사업자,강원,2021,8071,4035,15,20,12,4,192,2,3791
8,간이사업자,경기,2014,54992,21650,146,31,33,2,994,44,32092
9,간이사업자,경기,2015,53230,20624,98,45,48,9,1257,35,31114
10,간이사업자,경기,2016,56942,20801,284,47,44,13,1378,35,34340
11,간이사업자,경기,2017,57018,20694,537,56,67,10,1361,70,34223
12,간이사업자,경기,2018,53267,22025,182,69,61,5,1542,39,29344
13,간이사업자,경기,2019,54617,24704,316,101,74,11,1702,20,27689
14,간이사업자,경기,2020,56391,28106,256,75,80,4,1816,16,26038
15,간이사업자,경기,2021,65673,35959,216,76,114,11,2478,35,26784
16,간이사업자,경남,2014,17271,9830,16,8,10,6,213,26,7162
17,간이사업자,경남,2015,15965,7898,15,15,20,1,217,3,7796
18,간이사업자,경남,2016,17431,9130,27,22,16,1,237,45,7953
19,간이사업자,경남,2017,17741,8624,17,15,13,1,332,16,8723
20,간이사업자,경남,2018,17364,8627,18,24,17,2,336,13,8327
21,간이사업자,경남,2019,17540,8929,66,37,15,1,366,2,8124
22,간이사업자,경남,2020,15623,8075,27,26,22,3,417,6,7047
23,간이사업자,경남,2021,16744,9012,24,25,21,5,500,3,7154
24,간이사업자,경북,2014,14103,7080,17,21,6,2,144,24,6809
25,간이사업자,경북,2015,13165,7058,20,6,9,0,189,5,5878
26,간이사업자,경북,2016,15254,7524,32,7,9,1,201,21,7459
27,간이사업자,경북,2017,14791,7308,32,13,12,1,130,5,7290
28,간이사업자,경북,2018,14398,7574,34,19,15,0,195,18,6543
29,간이사업자,경북,2019,13726,6878,27,24,17,0,223,4,6553
30,간이사업자,경북,2020,12411,6285,42,14,19,5,263,1,5782
31,간이사업자,경북,2021,12761,6481,33,11,17,4,342,2,5871
32,간이사업자,광주,2014,7865,3650,5,3,9,0,111,10,4077
33,간이사업자,광주,2015,7445,3443,9,10,12,2,105,1,3863
34,간이사업자,광주,2016,7882,3511,8,8,7,0,102,8,4238
35,간이사업자,광주,2017,8419,3741,4,18,11,1,124,23,4497
36,간이사업자,광주,2018,7601,3001,23,6,9,1,120,4,4437
37,간이사업자,광주,2019,7408,3284,58,12,14,5,152,5,3878
38,간이사업자,광주,2020,7142,3556,10,7,20,13,207,2,3327
39,간이사업자,광주,2021,7476,4044,42,10,15,2,270,3,3090
40,간이사업자,대구,2014,12590,5082,3,3,2,0,155,3,7342
41,간이사업자,대구,2015,11488,4618,11,4,6,1,219,7,6622
42,간이사업자,대구,2016,12346,4139,13,3,12,3,216,4,7956
43,간이사업자,대구,2017,12210,4015,9,3,5,2,197,4,7975
44,간이사업자,대구,2018,11670,4396,6,11,9,3,173,6,7066
45,간이사업자,대구,2019,12756,4579,50,8,10,2,243,2,7862
46,간이사업자,대구,2020,11383,4515,35,14,9,4,177,9,6620
47,간이사업자,대구,2021,12348,6024,21,13,16,5,284,3,5982
48,간이사업자,대전,2014,8431,4472,3,8,5,2,110,6,3825
49,간이사업자,대전,2015,7900,3633,8,5,2,0,85,0,4167
50,간이사업자,대전,2016,8359,3740,38,5,8,0,141,14,4413
51,간이사업자,대전,2017,8520,3850,20,2,13,0,150,6,4479
52,간이사업자,대전,2018,7687,3398,21,12,8,1,226,5,4016
53,간이사업자,대전,2019,7441,3589,18,13,12,1,287,2,3519
54,간이사업자,대전,2020,7506,3921,21,13,17,6,245,1,3282
55,간이사업자,대전,2021,7897,4031,16,13,6,1,343,2,3485
56,간이사업자,부산,2014,16293,9162,7,20,13,0,300,15,6776
57,간이사업자,부산,2015,15467,8049,17,10,15,0,318,9,7049
58,간이사업자,부산,2016,16710,8024,22,22,17,0,307,14,8304
59,간이사업자,부산,2017,16501,7744,30,19,22,0,308,8,8370
60,간이사업자,부산,2018,15997,7885,47,21,20,2,366,11,7645
61,간이사업자,부산,2019,15992,8005,26,17,13,3,357,9,7562
62,간이사업자,부산,2020,14890,7732,15,25,19,0,304,3,6792
63,간이사업자,부산,2021,16606,9049,19,16,37,1,423,8,7053
64,간이사업자,서울,2014,42751,19702,28,29,41,2,762,27,22160
65,간이사업자,서울,2015,41778,17893,50,24,47,5,807,24,22928
66,간이사업자,서울,2016,43962,18906,160,43,80,12,800,35,23926
67,간이사업자,서울,2017,43456,18080,238,59,77,3,919,26,24054
68,간이사업자,서울,2018,39812,18073,110,60,68,4,982,24,20491
69,간이사업자,서울,2019,42044,19662,206,74,89,3,1047,11,20952
70,간이사업자,서울,2020,40982,20822,126,63,84,9,1064,14,18800
71,간이사업자,서울,2021,48051,27113,146,50,106,3,1269,12,19352
72,간이사업자,세종,2014,629,230,1,0,2,0,10,0,386
73,간이사업자,세종,2015,678,274,2,1,0,0,12,1,388
74,간이사업자,세종,2016,861,386,3,0,1,0,27,2,442
75,간이사업자,세종,2017,1084,509,0,4,1,0,30,0,540
76,간이사업자,세종,2018,1050,525,2,3,2,0,36,1,481
77,간이사업자,세종,2019,1204,582,3,1,2,0,34,1,581
78,간이사업자,세종,2020,1218,670,3,1,3,0,36,0,505
79,간이사업자,세종,2021,1510,834,3,2,2,0,38,0,631
80,간이사업자,울산,2014,5556,1904,1,2,1,0,53,4,3591
81,간이사업자,울산,2015,5283,2180,0,5,4,1,66,2,3025
82,간이사업자,울산,2016,5794,2263,4,2,1,1,74,4,3445
83,간이사업자,울산,2017,5905,2386,7,8,6,0,96,0,3402
84,간이사업자,울산,2018,5486,2428,6,5,2,0,114,3,2928
85,간이사업자,울산,2019,5670,2230,14,1,5,1,108,2,3309
86,간이사업자,울산,2020,5124,2375,6,3,5,3,105,1,2626
87,간이사업자,울산,2021,5531,2896,9,4,7,1,174,2,2438
88,간이사업자,인천,2014,13715,6554,11,11,11,1,132,11,6984
89,간이사업자,인천,2015,13583,5408,20,6,22,0,197,1,7929
90,간이사업자,인천,2016,14230,4686,22,10,14,4,233,7,9254
91,간이사업자,인천,2017,14304,4043,149,14,11,3,218,22,9844
92,간이사업자,인천,2018,12927,4216,38,15,6,4,330,4,8314
93,간이사업자,인천,2019,13283,5149,48,17,16,3,349,3,7698
94,간이사업자,인천,2020,13345,6525,31,23,11,2,388,4,6361
95,간이사업자,인천,2021,15181,8359,35,14,20,2,611,4,6136
96,간이사업자,전남,2014,8278,2920,8,8,2,1,80,12,5247
97,간이사업자,전남,2015,7921,2599,2,6,9,0,54,3,5248
98,간이사업자,전남,2016,8847,3283,6,6,6,7,84,24,5431
99,간이사업자,전남,2017,9711,3358,5,11,10,2,147,11,6167
100,간이사업자,전남,2018,8569,3057,9,16,14,0,203,6,5264
101,간이사업자,전남,2019,8739,2999,11,19,17,4,197,30,5462
102,간이사업자,전남,2020,7910,3091,10,15,13,6,232,17,4526
103,간이사업자,전남,2021,7829,3511,12,8,16,2,279,3,3998
104,간이사업자,전북,2014,9577,4795,9,13,14,0,85,6,4655
105,간이사업자,전북,2015,9458,5079,13,11,5,0,64,2,4284
106,간이사업자,전북,2016,9988,5147,15,10,12,0,59,13,4732
107,간이사업자,전북,2017,10448,4475,17,10,13,0,104,3,5826
108,간이사업자,전북,2018,9756,4897,18,18,12,1,142,8,4660
109,간이사업자,전북,2019,9764,4844,12,17,15,0,177,5,4694
110,간이사업자,전북,2020,8552,4453,22,14,12,0,164,7,3880
111,간이사업자,전북,2021,8946,4662,16,8,16,0,166,1,4077
112,간이사업자,제주,2014,3575,1054,0,9,0,0,29,3,2480
113,간이사업자,제주,2015,3378,1046,3,8,4,0,55,2,2260
114,간이사업자,제주,2016,3746,945,1,2,5,3,54,1,2735
115,간이사업자,제주,2017,3795,816,3,14,4,1,34,1,2922
116,간이사업자,제주,2018,3926,1155,4,11,7,2,84,3,2660
117,간이사업자,제주,2019,3929,1280,0,12,7,1,100,1,2528
118,간이사업자,제주,2020,3760,1589,9,8,10,0,95,0,2049
119,간이사업자,제주,2021,3823,1815,9,9,4,0,107,1,1878
120,간이사업자,충남,2014,10178,3793,13,15,6,0,167,19,6165
121,간이사업자,충남,2015,9886,3985,15,11,16,0,153,17,5689
122,간이사업자,충남,2016,10823,4194,10,23,12,1,155,10,6418
123,간이사업자,충남,2017,11333,4022,18,25,18,6,163,14,7067
124,간이사업자,충남,2018,10205,4514,16,17,16,0,227,12,5403
125,간이사업자,충남,2019,10675,4565,18,26,14,1,302,23,5726
126,간이사업자,충남,2020,9920,4598,25,13,15,7,361,3,4898
127,간이사업자,충남,2021,10859,5611,29,15,19,3,387,5,4790
128,간이사업자,충북,2014,9140,3592,4,6,3,4,99,11,5421
129,간이사업자,충북,2015,8173,3059,4,8,4,2,113,25,4958
130,간이사업자,충북,2016,9334,3446,17,7,14,4,107,2,5737
131,간이사업자,충북,2017,9236,3732,23,19,7,0,197,4,5254
132,간이사업자,충북,2018,8277,3361,8,10,9,0,199,0,4690
133,간이사업자,충북,2019,8616,3496,22,16,14,3,152,2,4911
134,간이사업자,충북,2020,8068,3689,15,6,12,8,190,2,4146
135,간이사업자,충북,2021,8728,4392,14,10,16,1,209,5,4081
136,면세사업자,강원,2014,2472,1085,2,4,11,4,19,1,1346
137,면세사업자,강원,2015,2313,1031,3,5,12,4,17,1,1240
138,면세사업자,강원,2016,2822,1142,24,4,21,10,31,4,1586
139,면세사업자,강원,2017,2667,1084,8,4,12,8,27,6,1518
140,면세사업자,강원,2018,2714,1015,38,9,8,2,39,1,1602
141,면세사업자,강원,2019,2494,1000,2,10,8,8,61,1,1404
142,면세사업자,강원,2020,2785,965,8,6,9,8,76,1,1712
143,면세사업자,강원,2021,2991,961,4,6,11,8,99,1,1901
144,면세사업자,경기,2014,19270,5985,47,8,109,17,268,15,12821
145,면세사업자,경기,2015,17168,5527,40,9,97,32,279,12,11172
146,면세사업자,경기,2016,20454,6204,127,18,97,43,418,3,13544
147,면세사업자,경기,2017,20306,6067,130,22,103,37,436,25,13486
148,면세사업자,경기,2018,21898,6862,83,30,128,36,554,9,14196
149,면세사업자,경기,2019,21100,7119,66,19,120,37,737,11,12991
150,면세사업자,경기,2020,28208,8020,116,19,138,44,1244,17,18610
151,면세사업자,경기,2021,27995,7908,148,23,77,59,1202,16,18562
152,면세사업자,경남,2014,5158,2415,12,3,12,12,40,2,2662
153,면세사업자,경남,2015,4712,2069,0,7,9,9,32,3,2583
154,면세사업자,경남,2016,5223,2287,10,5,26,14,49,12,2820
155,면세사업자,경남,2017,5301,2202,7,11,18,7,71,8,2977
156,면세사업자,경남,2018,5485,2343,10,4,16,10,72,4,3026
157,면세사업자,경남,2019,5488,2324,7,7,16,4,90,2,3038
158,면세사업자,경남,2020,5763,2214,11,9,16,10,140,2,3361
159,면세사업자,경남,2021,5971,2221,29,7,16,8,171,2,3517
160,면세사업자,경북,2014,4295,1861,6,12,11,4,33,3,2365
161,면세사업자,경북,2015,3718,1732,3,7,22,0,39,1,1914
162,면세사업자,경북,2016,4355,1925,20,9,18,3,36,3,2341
163,면세사업자,경북,2017,4412,1884,8,4,24,6,40,3,2443
164,면세사업자,경북,2018,4409,1983,13,15,20,10,49,1,2318
165,면세사업자,경북,2019,4339,1863,9,18,14,12,65,2,2356
166,면세사업자,경북,2020,4834,1864,24,14,19,12,84,2,2815
167,면세사업자,경북,2021,4672,1692,24,15,17,3,119,3,2799
168,면세사업자,광주,2014,2434,895,3,2,23,2,30,1,1478
169,면세사업자,광주,2015,2064,844,2,2,15,3,38,0,1160
170,면세사업자,광주,2016,2354,982,7,5,16,1,39,3,1301
171,면세사업자,광주,2017,2403,1011,3,4,7,1,40,2,1335
172,면세사업자,광주,2018,2357,843,5,1,13,3,35,2,1455
173,면세사업자,광주,2019,2334,905,3,1,19,5,67,1,1333
174,면세사업자,광주,2020,2754,947,16,3,17,6,118,0,1647
175,면세사업자,광주,2021,2550,982,3,1,18,0,130,3,1413
176,면세사업자,대구,2014,3437,1229,0,1,16,2,30,0,2159
177,면세사업자,대구,2015,2933,1107,4,0,15,1,39,1,1766
178,면세사업자,대구,2016,3191,1031,2,1,27,1,58,2,2069
179,면세사업자,대구,2017,3310,962,4,1,16,5,44,2,2276
180,면세사업자,대구,2018,3362,1145,3,0,14,8,55,0,2137
181,면세사업자,대구,2019,3425,1108,2,2,18,13,65,0,2217
182,면세사업자,대구,2020,4097,1108,9,2,15,7,99,6,2851
183,면세사업자,대구,2021,3763,1224,10,3,5,9,108,8,2396
184,면세사업자,대전,2014,2461,1177,3,1,7,0,20,1,1252
185,면세사업자,대전,2015,1945,821,4,2,3,0,21,0,1094
186,면세사업자,대전,2016,2179,852,6,4,11,3,30,7,1266
187,면세사업자,대전,2017,2256,973,4,2,23,3,41,0,1210
188,면세사업자,대전,2018,2238,803,9,2,11,6,42,1,1364
189,면세사업자,대전,2019,2259,929,6,4,9,5,69,1,1236
190,면세사업자,대전,2020,2815,873,4,4,9,5,135,0,1785
191,면세사업자,대전,2021,2590,795,11,4,9,2,142,1,1626
192,면세사업자,부산,2014,5020,2547,2,3,25,10,85,3,2345
193,면세사업자,부산,2015,4290,2089,3,2,18,9,80,2,2087
194,면세사업자,부산,2016,4637,2050,4,2,25,11,88,4,2453
195,면세사업자,부산,2017,4551,1978,4,3,21,3,106,2,2434
196,면세사업자,부산,2018,4806,2014,5,3,35,11,141,1,2596
197,면세사업자,부산,2019,4604,1914,14,4,25,11,127,3,2506
198,면세사업자,부산,2020,5858,1914,17,5,16,9,190,4,3703
199,면세사업자,부산,2021,5754,1929,11,2,25,10,174,2,3601
200,면세사업자,서울,2014,17240,6126,29,6,165,20,242,12,10640
201,면세사업자,서울,2015,15243,5318,41,1,146,25,295,12,9405
202,면세사업자,서울,2016,17121,5736,58,9,158,35,372,17,10736
203,면세사업자,서울,2017,16773,5647,38,9,138,40,417,21,10463
204,면세사업자,서울,2018,18190,5669,42,6,159,35,619,15,11645
205,면세사업자,서울,2019,17146,5677,37,12,145,48,708,13,10506
206,면세사업자,서울,2020,23595,5861,132,16,188,44,1072,14,16268
207,면세사업자,서울,2021,23512,5686,125,11,93,36,898,19,16644
208,면세사업자,세종,2014,198,85,0,2,0,0,6,0,105
209,면세사업자,세종,2015,176,69,0,1,1,0,4,0,101
210,면세사업자,세종,2016,317,117,0,2,1,0,9,0,188
211,면세사업자,세종,2017,414,182,0,3,2,0,13,0,214
212,면세사업자,세종,2018,536,201,0,1,4,1,23,1,305
213,면세사업자,세종,2019,584,201,1,3,4,6,19,0,350
214,면세사업자,세종,2020,946,260,2,2,9,1,45,0,627
215,면세사업자,세종,2021,861,223,8,2,5,0,43,1,579
216,면세사업자,울산,2014,1491,465,0,1,5,2,8,0,1010
217,면세사업자,울산,2015,1332,552,0,0,2,3,13,0,762
218,면세사업자,울산,2016,1543,614,3,0,2,4,18,0,902
219,면세사업자,울산,2017,1487,550,2,3,5,4,25,0,898
220,면세사업자,울산,2018,1544,586,2,1,7,4,34,3,907
221,면세사업자,울산,2019,1538,515,2,1,12,3,37,1,967
222,면세사업자,울산,2020,1717,516,6,1,3,2,43,2,1144
223,면세사업자,울산,2021,1668,599,4,0,5,0,70,0,990
224,면세사업자,인천,2014,4121,1590,14,3,22,5,38,2,2447
225,면세사업자,인천,2015,3709,1261,6,1,17,6,56,1,2361
226,면세사업자,인천,2016,4433,1271,16,3,18,12,64,2,3047
227,면세사업자,인천,2017,4379,1102,20,5,23,8,63,6,3152
228,면세사업자,인천,2018,4401,1199,12,3,16,21,103,4,3043
229,면세사업자,인천,2019,4407,1394,12,2,24,16,124,1,2834
230,면세사업자,인천,2020,6009,1634,19,3,18,9,275,1,4050
231,면세사업자,인천,2021,6116,1647,35,6,11,13,270,1,4133
232,면세사업자,전남,2014,3319,1227,0,4,12,2,32,4,2038
233,면세사업자,전남,2015,3212,1124,5,10,16,9,27,1,2020
234,면세사업자,전남,2016,3746,1411,3,8,18,4,32,3,2267
235,면세사업자,전남,2017,3715,1367,2,14,22,4,34,0,2272
236,면세사업자,전남,2018,3950,1408,7,7,18,7,54,3,2446
237,면세사업자,전남,2019,3896,1299,2,9,26,9,60,11,2480
238,면세사업자,전남,2020,4071,1376,5,8,11,6,89,5,2571
239,면세사업자,전남,2021,3892,1284,11,9,18,2,79,1,2488
240,면세사업자,전북,2014,2766,1277,4,9,15,4,20,1,1436
241,면세사업자,전북,2015,2538,1301,7,2,11,1,20,0,1196
242,면세사업자,전북,2016,2917,1498,6,3,11,5,29,3,1362
243,면세사업자,전북,2017,2971,1255,2,7,21,9,37,3,1637
244,면세사업자,전북,2018,2997,1371,3,8,12,2,49,5,1547
245,면세사업자,전북,2019,2942,1320,3,10,20,5,53,2,1529
246,면세사업자,전북,2020,3218,1326,11,3,17,3,84,8,1766
247,면세사업자,전북,2021,3218,1205,5,4,11,4,77,3,1909
248,면세사업자,제주,2014,1192,316,1,1,6,0,1,0,867
249,면세사업자,제주,2015,1113,353,1,3,2,1,11,0,742
250,면세사업자,제주,2016,1296,294,0,3,7,3,7,0,982
251,면세사업자,제주,2017,1350,262,2,2,6,0,10,0,1068
252,면세사업자,제주,2018,1588,323,16,5,9,1,20,1,1213
253,면세사업자,제주,2019,1417,337,2,3,3,2,23,1,1046
254,면세사업자,제주,2020,1657,428,3,8,5,2,40,1,1170
255,면세사업자,제주,2021,1710,469,6,5,5,1,48,2,1174
256,면세사업자,충남,2014,3495,1160,3,5,15,7,40,5,2260
257,면세사업자,충남,2015,3336,1190,5,6,13,9,28,6,2079
258,면세사업자,충남,2016,3563,1222,6,9,16,7,49,1,2253
259,면세사업자,충남,2017,3783,1249,5,8,14,4,56,6,2441
260,면세사업자,충남,2018,3785,1466,4,10,13,9,64,1,2218
261,면세사업자,충남,2019,3811,1364,9,10,20,16,96,3,2293
262,면세사업자,충남,2020,4439,1412,11,7,23,12,154,1,2819
263,면세사업자,충남,2021,4291,1417,12,6,23,8,195,4,2626
264,면세사업자,충북,2014,2355,774,2,2,11,4,27,3,1532
265,면세사업자,충북,2015,1894,636,4,5,6,3,30,2,1208
266,면세사업자,충북,2016,2174,746,2,4,8,7,30,1,1376
267,면세사업자,충북,2017,2237,850,2,9,12,4,41,0,1319
268,면세사업자,충북,2018,2281,787,3,5,9,4,53,0,1420
269,면세사업자,충북,2019,2336,821,5,6,7,8,49,1,1439
270,면세사업자,충북,2020,2849,950,6,4,13,2,89,0,1785
271,면세사업자,충북,2021,2763,887,6,5,4,3,120,2,1736
272,법인사업자,강원,2014,1058,403,8,0,0,0,23,30,594
273,법인사업자,강원,2015,934,374,13,0,0,0,13,28,506
274,법인사업자,강원,2016,1332,533,14,0,0,0,11,44,730
275,법인사업자,강원,2017,1244,464,9,0,0,0,30,51,690
276,법인사업자,강원,2018,1279,500,11,5,0,0,19,35,709
277,법인사업자,강원,2019,1312,562,6,0,0,0,22,41,681
278,법인사업자,강원,2020,1421,632,5,0,0,0,21,40,723
279,법인사업자,강원,2021,1507,605,16,0,0,0,15,69,802
280,법인사업자,경기,2014,13036,4825,269,2,0,0,213,340,7387
281,법인사업자,경기,2015,12953,4752,515,1,0,0,161,351,7173
282,법인사업자,경기,2016,17668,5924,844,2,0,0,207,359,10332
283,법인사업자,경기,2017,17072,5985,856,5,1,0,235,386,9604
284,법인사업자,경기,2018,17472,6572,541,15,0,0,188,341,9815
285,법인사업자,경기,2019,17627,6995,594,12,0,0,248,375,9403
286,법인사업자,경기,2020,17402,7718,243,1,0,0,290,411,8739
287,법인사업자,경기,2021,17728,8033,289,3,0,0,352,430,8621
288,법인사업자,경남,2014,2649,995,9,0,0,0,58,148,1439
289,법인사업자,경남,2015,2288,857,27,2,0,0,23,70,1309
290,법인사업자,경남,2016,3118,1327,11,2,0,0,46,98,1634
291,법인사업자,경남,2017,2977,1171,29,0,0,0,45,87,1645
292,법인사업자,경남,2018,3004,1199,6,1,0,0,43,73,1682
293,법인사업자,경남,2019,3078,1282,5,0,0,0,38,96,1657
294,법인사업자,경남,2020,2874,1253,3,1,0,0,36,81,1500
295,법인사업자,경남,2021,2780,1188,9,2,0,0,41,127,1413
296,법인사업자,경북,2014,1976,715,2,1,0,0,29,56,1173
297,법인사업자,경북,2015,1875,794,1,0,0,0,22,58,1000
298,법인사업자,경북,2016,2464,1047,7,0,0,0,26,68,1316
299,법인사업자,경북,2017,2519,980,9,0,0,0,18,69,1443
300,법인사업자,경북,2018,2512,1046,10,0,0,0,32,70,1354
301,법인사업자,경북,2019,2601,1105,36,2,0,0,21,97,1340
302,법인사업자,경북,2020,2462,1005,17,1,0,0,25,47,1367
303,법인사업자,경북,2021,2478,961,20,1,0,0,30,82,1384
304,법인사업자,광주,2014,1564,557,19,0,0,0,32,126,830
305,법인사업자,광주,2015,1457,606,19,1,0,0,21,72,738
306,법인사업자,광주,2016,1873,773,6,0,0,0,30,43,1021
307,법인사업자,광주,2017,2009,780,41,0,0,0,28,67,1093
308,법인사업자,광주,2018,1779,641,24,0,0,0,31,38,1045
309,법인사업자,광주,2019,1837,756,17,0,0,0,35,56,973
310,법인사업자,광주,2020,1997,911,18,0,0,0,43,38,987
311,법인사업자,광주,2021,1755,833,17,0,0,0,46,53,806
312,법인사업자,대구,2014,1881,667,17,0,0,0,69,45,1083
313,법인사업자,대구,2015,1567,602,16,0,1,0,27,67,854
314,법인사업자,대구,2016,2270,784,9,1,0,0,15,69,1392
315,법인사업자,대구,2017,2127,802,9,0,0,0,26,40,1250
316,법인사업자,대구,2018,2237,902,6,0,0,0,27,48,1254
317,법인사업자,대구,2019,2174,833,4,1,0,0,33,50,1253
318,법인사업자,대구,2020,2076,783,7,1,0,0,37,42,1206
319,법인사업자,대구,2021,2095,873,5,1,0,0,37,41,1138
320,법인사업자,대전,2014,1423,610,21,0,0,0,35,38,719
321,법인사업자,대전,2015,1276,479,18,0,0,0,16,77,686
322,법인사업자,대전,2016,1674,688,5,0,0,0,30,35,916
323,법인사업자,대전,2017,1745,674,3,0,0,0,18,39,1011
324,법인사업자,대전,2018,1619,615,8,0,0,0,23,36,937
325,법인사업자,대전,2019,1497,652,26,3,0,0,29,36,751
326,법인사업자,대전,2020,1491,678,15,0,0,0,19,33,746
327,법인사업자,대전,2021,1548,680,6,0,0,0,17,55,790
328,법인사업자,부산,2014,3211,1539,8,0,0,0,70,75,1519
329,법인사업자,부산,2015,3076,1409,30,1,0,0,59,111,1466
330,법인사업자,부산,2016,3852,1614,31,0,0,0,50,167,1990
331,법인사업자,부산,2017,3837,1686,29,0,0,0,58,103,1961
332,법인사업자,부산,2018,3717,1638,13,2,0,0,51,96,1917
333,법인사업자,부산,2019,3738,1760,18,1,0,1,62,71,1825
334,법인사업자,부산,2020,3797,1824,13,1,0,0,54,74,1831
335,법인사업자,부산,2021,3592,1702,5,0,0,0,82,119,1684
336,법인사업자,서울,2014,16483,6961,149,4,0,0,294,583,8492
337,법인사업자,서울,2015,15182,6632,226,2,0,0,175,882,7265
338,법인사업자,서울,2016,21479,8045,695,3,1,1,209,1010,11515
339,법인사업자,서울,2017,23175,8384,465,1,0,0,253,1049,13023
340,법인사업자,서울,2018,22152,8581,292,5,0,0,265,1001,12008
341,법인사업자,서울,2019,21744,8894,246,10,0,0,322,1049,11223
342,법인사업자,서울,2020,20228,8878,249,5,0,0,298,1074,9724
343,법인사업자,서울,2021,19238,8215,118,6,0,0,340,1290,9269
344,법인사업자,세종,2014,165,50,0,0,0,0,4,4,107
345,법인사업자,세종,2015,156,43,0,0,0,0,8,15,90
346,법인사업자,세종,2016,241,86,1,0,0,0,13,8,133
347,법인사업자,세종,2017,328,105,1,0,0,0,11,12,199
348,법인사업자,세종,2018,315,122,0,0,0,0,2,9,182
349,법인사업자,세종,2019,423,143,2,0,0,0,14,7,257
350,법인사업자,세종,2020,413,148,1,0,0,0,9,14,241
351,법인사업자,세종,2021,381,153,1,0,0,0,8,18,201
352,법인사업자,울산,2014,954,347,2,0,0,0,18,54,533
353,법인사업자,울산,2015,821,363,1,1,0,0,5,21,430
354,법인사업자,울산,2016,1103,490,10,0,0,0,11,35,557
355,법인사업자,울산,2017,1173,453,1,0,0,0,10,34,675
356,법인사업자,울산,2018,1268,463,2,0,0,0,17,21,765
357,법인사업자,울산,2019,1029,364,5,2,0,0,11,25,622
358,법인사업자,울산,2020,1009,445,17,0,0,0,7,19,521
359,법인사업자,울산,2021,956,423,7,1,0,0,11,34,480
360,법인사업자,인천,2014,2655,1097,19,2,0,0,35,56,1446
361,법인사업자,인천,2015,2469,932,54,0,0,0,26,66,1391
362,법인사업자,인천,2016,3551,1112,201,1,0,0,33,47,2157
363,법인사업자,인천,2017,3316,1024,139,0,0,0,45,71,2037
364,법인사업자,인천,2018,3265,1149,42,1,0,0,30,65,1978
365,법인사업자,인천,2019,3600,1344,171,0,0,0,63,57,1965
366,법인사업자,인천,2020,3303,1419,115,1,0,0,63,60,1645
367,법인사업자,인천,2021,3203,1472,61,0,0,0,61,68,1541
368,법인사업자,전남,2014,1608,591,3,0,0,0,21,91,902
369,법인사업자,전남,2015,1495,595,8,0,0,0,24,60,808
370,법인사업자,전남,2016,2025,774,38,0,0,0,16,56,1141
371,법인사업자,전남,2017,1892,725,28,0,0,0,24,38,1077
372,법인사업자,전남,2018,1825,664,13,1,0,0,21,49,1077
373,법인사업자,전남,2019,1901,723,25,1,0,0,27,45,1080
374,법인사업자,전남,2020,1905,797,10,3,0,0,28,43,1024
375,법인사업자,전남,2021,1852,832,30,0,0,0,13,58,919
376,법인사업자,전북,2014,1599,626,13,1,0,0,29,55,875
377,법인사업자,전북,2015,1493,655,4,1,0,0,19,52,762
378,법인사업자,전북,2016,1929,777,0,1,0,0,34,36,1081
379,법인사업자,전북,2017,1780,676,5,1,0,0,31,64,1003
380,법인사업자,전북,2018,1936,767,7,0,0,0,31,43,1088
381,법인사업자,전북,2019,1951,816,5,0,0,0,30,50,1050
382,법인사업자,전북,2020,1971,844,4,0,0,0,25,45,1053
383,법인사업자,전북,2021,1994,887,3,0,0,0,34,58,1012
384,법인사업자,제주,2014,464,141,0,0,0,0,8,10,305
385,법인사업자,제주,2015,438,153,0,0,0,0,8,30,247
386,법인사업자,제주,2016,718,195,0,0,0,0,10,22,491
387,법인사업자,제주,2017,836,199,2,2,0,0,12,22,599
388,법인사업자,제주,2018,923,238,2,4,1,0,12,29,637
389,법인사업자,제주,2019,873,271,5,1,0,0,15,35,546
390,법인사업자,제주,2020,911,372,2,1,0,0,8,39,489
391,법인사업자,제주,2021,794,300,3,0,0,0,11,44,436
392,법인사업자,충남,2014,2121,662,5,1,0,0,28,51,1374
393,법인사업자,충남,2015,1860,624,10,0,0,0,24,89,1113
394,법인사업자,충남,2016,2405,813,2,0,0,0,24,65,1501
395,법인사업자,충남,2017,2637,833,4,1,0,0,33,81,1685
396,법인사업자,충남,2018,2433,811,23,2,0,0,26,66,1505
397,법인사업자,충남,2019,2439,811,29,1,0,0,37,69,1492
398,법인사업자,충남,2020,2604,973,19,6,0,0,41,69,1496
399,법인사업자,충남,2021,2437,929,36,1,0,0,45,71,1355
400,법인사업자,충북,2014,1449,447,1,0,0,0,29,34,938
401,법인사업자,충북,2015,1290,459,1,0,0,0,15,66,749
402,법인사업자,충북,2016,1898,568,49,1,0,0,25,47,1208
403,법인사업자,충북,2017,1695,555,12,1,0,0,29,62,1036
404,법인사업자,충북,2018,1931,523,29,1,0,0,28,62,1288
405,법인사업자,충북,2019,1763,587,4,1,0,0,28,46,1097
406,법인사업자,충북,2020,1683,674,11,0,0,0,24,43,931
407,법인사업자,충북,2021,1645,668,6,1,0,0,28,65,877
408,일반사업자,강원,2014,9541,4795,5,13,65,1,226,18,4418
409,일반사업자,강원,2015,9646,4657,20,8,60,0,311,20,4570
410,일반사업자,강원,2016,11639,5134,26,19,84,3,502,14,5857
411,일반사업자,강원,2017,11570,4708,35,20,87,0,532,30,6158
412,일반사업자,강원,2018,12929,4941,99,22,92,4,746,14,7011
413,일반사업자,강원,2019,12684,5329,32,28,97,1,801,20,6376
414,일반사업자,강원,2020,11957,5111,16,14,87,3,723,5,5998
415,일반사업자,강원,2021,11158,4866,17,12,80,1,871,17,5294
416,일반사업자,경기,2014,114758,42469,576,33,1344,14,5389,263,64670
417,일반사업자,경기,2015,116093,40874,774,45,1315,89,6220,100,66676
418,일반사업자,경기,2016,132560,45420,1236,67,1282,60,8074,86,76335
419,일반사업자,경기,2017,137020,46159,1269,109,1363,107,8714,165,79134
420,일반사업자,경기,2018,144173,49751,834,115,1401,153,9712,114,82093
421,일반사업자,경기,2019,151125,56080,797,132,1332,97,10282,101,82304
422,일반사업자,경기,2020,142932,57823,646,123,1202,30,10833,59,72216
423,일반사업자,경기,2021,138171,58047,530,90,1175,22,13335,87,64885
424,일반사업자,경남,2014,25855,13990,17,9,214,0,829,46,10750
425,일반사업자,경남,2015,25925,12289,51,13,210,0,866,18,12478
426,일반사업자,경남,2016,30467,15144,112,11,198,5,1109,67,13821
427,일반사업자,경남,2017,30769,14652,67,19,165,7,1307,21,14531
428,일반사업자,경남,2018,30076,14332,69,21,180,2,1249,22,14201
429,일반사업자,경남,2019,29615,14722,53,22,159,3,1156,15,13485
430,일반사업자,경남,2020,27711,13406,56,15,154,5,1273,13,12789
431,일반사업자,경남,2021,23631,12137,36,6,161,2,1202,12,10075
432,일반사업자,경북,2014,18182,8847,38,11,129,2,441,51,8663
433,일반사업자,경북,2015,18157,9196,41,6,137,0,632,11,8134
434,일반사업자,경북,2016,21687,9908,45,8,128,5,675,23,10895
435,일반사업자,경북,2017,20947,9761,34,10,114,1,596,16,10415
436,일반사업자,경북,2018,21106,10273,37,17,136,1,697,53,9892
437,일반사업자,경북,2019,21070,9992,37,21,135,7,810,25,10043
438,일반사업자,경북,2020,18826,9099,27,11,120,6,706,9,8848
439,일반사업자,경북,2021,17218,8115,36,11,86,5,872,8,8085
440,일반사업자,광주,2014,12817,5529,31,6,140,4,603,36,6468
441,일반사업자,광주,2015,12063,5410,17,6,138,1,554,5,5932
442,일반사업자,광주,2016,13945,5968,14,15,132,2,563,17,7234
443,일반사업자,광주,2017,13437,5993,25,16,104,4,652,26,6617
444,일반사업자,광주,2018,13355,5478,46,10,118,1,663,10,7029
445,일반사업자,광주,2019,13752,5970,41,19,127,5,623,10,6957
446,일반사업자,광주,2020,12746,6075,63,8,111,11,772,10,5696
447,일반사업자,광주,2021,12298,6012,23,8,114,2,969,9,5161
448,일반사업자,대구,2014,19457,8434,26,7,107,3,831,28,10021
449,일반사업자,대구,2015,18889,7903,31,7,111,6,910,21,9900
450,일반사업자,대구,2016,21379,7940,21,11,102,63,1007,2,12233
451,일반사업자,대구,2017,20805,7572,51,14,123,12,982,8,12043
452,일반사업자,대구,2018,20972,8278,39,13,113,5,881,12,11631
453,일반사업자,대구,2019,21465,8490,42,12,111,15,919,4,11872
454,일반사업자,대구,2020,18830,7530,58,7,95,8,780,16,10336
455,일반사업자,대구,2021,17988,8110,56,4,114,1,1021,5,8677
456,일반사업자,대전,2014,12876,6608,26,3,98,0,452,25,5664
457,일반사업자,대전,2015,12233,5264,8,6,103,1,391,3,6457
458,일반사업자,대전,2016,13851,6036,94,8,119,0,494,27,7073
459,일반사업자,대전,2017,13036,5999,52,10,125,1,471,16,6362
460,일반사업자,대전,2018,13249,5837,35,9,102,4,651,14,6597
461,일반사업자,대전,2019,13801,6310,28,11,98,0,776,7,6571
462,일반사업자,대전,2020,12500,6245,38,4,109,1,825,6,5272
463,일반사업자,대전,2021,11243,5580,23,6,89,0,818,3,4724
464,일반사업자,부산,2014,30325,16311,23,27,280,5,1265,36,12378
465,일반사업자,부산,2015,29581,14599,27,30,280,2,1479,8,13156
466,일반사업자,부산,2016,32679,15460,46,37,281,4,1596,32,15223
467,일반사업자,부산,2017,32616,15150,49,23,264,1,1731,17,15381
468,일반사업자,부산,2018,31660,15493,63,32,258,7,1570,22,14215
469,일반사업자,부산,2019,33320,15568,58,42,234,4,1718,23,15673
470,일반사업자,부산,2020,30281,14745,38,37,232,2,1807,9,13411
471,일반사업자,부산,2021,29739,14147,50,23,233,0,2680,9,12597
472,일반사업자,서울,2014,101439,45369,132,35,1341,21,4518,141,49882
473,일반사업자,서울,2015,99875,41798,277,56,1257,61,5222,98,51106
474,일반사업자,서울,2016,117742,46700,471,75,1432,217,5879,90,62878
475,일반사업자,서울,2017,113105,45441,499,76,1353,90,6317,77,59252
476,일반사업자,서울,2018,106639,46151,332,85,1470,38,6386,73,52104
477,일반사업자,서울,2019,107481,48292,340,96,1361,36,6269,61,51026
478,일반사업자,서울,2020,98581,45730,297,79,1231,16,6194,44,44990
479,일반사업자,서울,2021,91437,44656,195,58,1199,5,6742,34,38548
480,일반사업자,세종,2014,2406,388,0,0,6,4,418,1,1589
481,일반사업자,세종,2015,2029,448,0,1,9,0,472,2,1097
482,일반사업자,세종,2016,2520,657,2,1,21,1,563,6,1269
483,일반사업자,세종,2017,2653,723,1,3,33,0,571,3,1319
484,일반사업자,세종,2018,2989,896,10,1,23,1,467,2,1589
485,일반사업자,세종,2019,2692,975,1,0,15,0,290,1,1410
486,일반사업자,세종,2020,2634,1061,3,1,28,0,272,1,1268
487,일반사업자,세종,2021,2895,1043,6,1,13,0,359,0,1473
488,일반사업자,울산,2014,8834,3551,7,4,60,0,224,11,4977
489,일반사업자,울산,2015,9061,3948,7,4,48,0,212,3,4839
490,일반사업자,울산,2016,10825,4382,4,3,56,1,406,1,5972
491,일반사업자,울산,2017,10896,4511,9,6,66,0,410,2,5892
492,일반사업자,울산,2018,10460,4413,25,6,60,14,390,11,5541
493,일반사업자,울산,2019,10375,4051,37,5,51,5,374,1,5851
494,일반사업자,울산,2020,9404,4277,7,2,55,10,350,4,4699
495,일반사업자,울산,2021,8686,4305,12,4,42,1,497,1,3824
496,일반사업자,인천,2014,24372,10736,68,2,235,7,1010,41,12273
497,일반사업자,인천,2015,25313,9497,105,7,198,12,1100,15,14379
498,일반사업자,인천,2016,29896,9521,363,10,247,36,1469,27,18223
499,일반사업자,인천,2017,29310,8645,329,13,230,23,1743,41,18286
500,일반사업자,인천,2018,30175,9629,128,14,272,58,2019,35,18020
501,일반사업자,인천,2019,35525,11558,137,20,205,105,2258,11,21231
502,일반사업자,인천,2020,33917,12644,95,22,236,21,2662,11,18226
503,일반사업자,인천,2021,30007,12506,57,19,204,7,3679,10,13525
504,일반사업자,전남,2014,11879,4517,14,8,87,2,422,27,6802
505,일반사업자,전남,2015,12045,4056,19,4,96,1,517,9,7343
506,일반사업자,전남,2016,13967,5252,30,9,73,9,540,24,8030
507,일반사업자,전남,2017,13613,5064,8,15,84,1,720,12,7709
508,일반사업자,전남,2018,14638,4940,43,24,97,3,1056,20,8455
509,일반사업자,전남,2019,15574,5203,31,15,99,1,1094,58,9073
510,일반사업자,전남,2020,15354,5481,34,10,116,8,1250,61,8394
511,일반사업자,전남,2021,13232,5073,21,7,68,3,1204,8,6848
512,일반사업자,전북,2014,12968,6300,11,9,107,2,394,21,6124
513,일반사업자,전북,2015,12601,6327,56,5,86,0,454,5,5668
514,일반사업자,전북,2016,14401,6811,33,8,100,0,631,26,6792
515,일반사업자,전북,2017,14221,5933,12,11,112,0,689,8,7456
516,일반사업자,전북,2018,15549,6845,25,14,120,0,956,16,7573
517,일반사업자,전북,2019,17187,7108,16,15,97,1,1050,15,8885
518,일반사업자,전북,2020,16678,6928,21,12,108,2,1313,53,8241
519,일반사업자,전북,2021,14213,6190,18,7,90,1,1079,8,6820
520,일반사업자,제주,2014,4150,1263,1,0,28,0,122,7,2729
521,일반사업자,제주,2015,4501,1294,0,0,33,1,274,4,2895
522,일반사업자,제주,2016,5923,1323,4,4,42,3,326,6,4215
523,일반사업자,제주,2017,6334,1253,8,7,43,2,307,9,4705
524,일반사업자,제주,2018,7024,1848,8,6,35,3,428,6,4690
525,일반사업자,제주,2019,7142,2009,9,3,58,4,369,1,4689
526,일반사업자,제주,2020,6658,2660,9,8,64,1,486,2,3428
527,일반사업자,제주,2021,5646,2316,13,6,41,1,435,1,2833
528,일반사업자,충남,2014,14677,5387,13,9,128,1,468,35,8636
529,일반사업자,충남,2015,14843,5634,18,18,150,1,563,20,8439
530,일반사업자,충남,2016,17699,6289,70,18,133,1,799,27,10362
531,일반사업자,충남,2017,17575,6114,42,14,179,5,903,17,10301
532,일반사업자,충남,2018,18905,7364,29,15,146,19,999,16,10317
533,일반사업자,충남,2019,19700,7614,55,22,137,3,1099,34,10736
534,일반사업자,충남,2020,18291,7206,64,14,131,10,1281,9,9576
535,일반사업자,충남,2021,17031,7396,60,11,115,5,1358,5,8081
536,일반사업자,충북,2014,11594,4630,25,5,92,1,316,20,6505
537,일반사업자,충북,2015,11097,4161,30,11,90,2,469,29,6305
538,일반사업자,충북,2016,13755,4817,49,5,99,10,615,3,8157
539,일반사업자,충북,2017,13202,5019,39,10,123,3,653,8,7347
540,일반사업자,충북,2018,13394,5075,45,14,145,2,785,4,7324
541,일반사업자,충북,2019,13869,5402,14,15,89,2,769,2,7576
542,일반사업자,충북,2020,12889,5582,24,11,91,4,773,5,6399
543,일반사업자,충북,2021,12246,5486,18,7,85,1,891,4,5754
